1.7761677403547028e-06
9.520049861891341e-06
3.8537336681191114e-10
6.152906635960832e-09
5.174720800494564e-12
1.7366254729897013e-07
8.20220664667242e-08
1.4871020444940585e-14
1.0781095804196826e-08
0.0012791188786514748
0.00012685257616440094
1.1244246457137599e-06
1.1298170961547495e-08
0.00178719653049012
4.228732863161619e-08
0.000783149160760773
0.0002856037533525986
0.00033626223084287556
1.5942396841251177e-07
1.7410256860872476e-12
5.712006366834576e-19
5.281053308529365e-18
3.780398711121384e-10
2.7241854748170064e-11
1.7982296264128631e-09
6.309191779069384e-07
0.00033115788172994394
4.4109364541521134e-07
2.006636776272302e-13
6.159038137488326e-08
3.0455968635162706e-05
6.120331734590787e-11
1.1757806679417487e-06
3.6497057392832216e-08
6.110189962479679e-11
4.725169001290226e-09
0.0001313013787765418
6.368992213187454e-05
9.539344953947248e-09
9.641103301773774e-07
1.052632926946053e-07
3.0679763809804385e-06
7.059525637223135e-07
2.065372203554557e-11
2.650462963490994e-09
2.500465138062595e-08
2.034214767468651e-07
5.296425160212024e-07
2.2767295523815621e-10
1.6150087862925961e-12
1.862134514339349e-15
5.460942088434312e-08
0.0012778041187137888
0.017166297644947266
0.017166297644947266
9.015150217400524e-08
1.4516093096575358e-07
0.0002170588525479749
6.632107989394655e-05
8.143852511872699e-10
0.028743497045177535
9.196483776269765e-10
6.257107657757982e-10
3.209939409829483e-07
1.3898129523134693e-12
5.349555556170682e-10
0.0001587464515055621
0.0008538154164911601
0.0003782086067123805
2.525678039663897e-11
1.1827946449128752e-10
1.6276246094362708e-11
9.611646847730812e-05
2.2677530152839072e-07
5.380186314208047e-15
1.2007681313736395e-06
2.3534583218580294e-05
3.463096697583431e-08
3.368525107810024e-07
5.216711359271053e-13
3.723168266051951e-06
8.739329311520072e-06
0.00011099600414385082
5.7395369664127995e-08
3.808450332685111e-14
1.0872696303119236e-07
2.7903549991326876e-36
8.51599919104229e-12
0.005137005150459212
7.611965791587264e-10
3.4336008497937437e-08
7.04497933135113e-07
0.0003782037410503245
5.126545514724107e-09
5.364226293142503e-07
1.6211567205739053e-07
3.2233623730080664e-06
1.4495429577277105e-07
1.5973580870881977e-08
8.714511964430588e-08
